---
poses:
- x: 0.0
  y: 36.0
  heading: 3.141592653589793
- x: 36.0
  y: 0.0
  heading: 1.5707963267948966
- x: 0.0
  y: -36.0
  heading: 0.0
- x: -36.0
  y: 0.0
  heading: 4.71238898038469
- x: 0.0
  y: 36.0
  heading: 3.141592653589793
constraints:
  maximumVelocity: 30.0
  maximumAcceleration: 40.0
  maximumAngularVelocity: 3.141592653589793
  maximumAngularAcceleration: 6.283185307179586
